6.649640 -1.462610 0.836742 -0.454075 -0.893908 -1.408060 -1.203297 -1.204820 0.100242 -0.663360
-0.383946 7.690135 -1.543569 -1.011694 -1.624597 -1.630936 -1.501921 -2.094568 0.302395 1.559409
0.003525 -2.496553 6.420956 0.305143 0.060610 -0.130051 -0.027005 -0.903240 -1.566701 -1.639202
-1.159361 -2.295807 0.005206 5.782620 -0.027102 1.977257 -0.239467 -0.278872 -1.899154 -1.879810
-1.178459 -2.544800 0.613166 0.365937 6.702663 0.351027 -0.602274 0.161098 -1.965136 -2.093377
-1.517612 -2.241224 -0.080242 2.141738 -0.067832 6.458689 -0.812470 0.025228 -2.084145 -2.006430
-1.377568 -1.524192 0.491704 0.867168 -0.352272 -0.686370 7.055107 -1.392499 -1.658857 -1.494570
-1.241918 -2.020631 -0.600179 0.116240 0.709563 0.920179 -1.377670 6.978057 -1.875206 -1.537000
1.010943 -0.308947 -1.089275 -0.792875 -1.183233 -1.561190 -1.214157 -1.541043 7.242806 -0.020282
0.082328 1.156578 -1.172419 -1.008125 -1.742562 -1.407610 -1.532931 -1.490918 -0.054147 7.352338
