7.013009 -1.330016 0.433521 -0.659560 -0.918349 -1.432271 -1.141606 -1.206470 0.010115 -0.744847
-0.627537 7.978418 -1.307236 -1.109355 -1.260793 -1.784033 -1.508862 -1.678754 -0.069678 1.341156
-0.391575 -1.825653 6.807059 0.088824 -0.220316 -0.214475 -0.365865 -0.724035 -1.674986 -1.457731
-1.183256 -2.026747 -0.187697 6.467160 -0.317277 1.431351 -0.155714 -0.492148 -1.905260 -1.621822
-1.210506 -2.115651 0.148241 0.198664 7.136769 -0.047181 -0.731285 0.190449 -1.756618 -1.837233
-1.369106 -1.928410 -0.323900 1.635079 -0.349236 6.817967 -0.591109 -0.364872 -1.749485 -1.805589
-1.269066 -1.431880 0.123694 0.302243 -0.412822 -0.728310 7.368121 -1.128930 -1.532229 -1.285670
-1.002877 -2.152593 -0.591669 -0.149890 0.375773 0.421380 -1.390720 7.420421 -1.627095 -1.298438
0.762122 -0.414747 -1.289632 -0.917962 -1.572231 -1.150818 -1.355211 -1.404699 7.546272 -0.139201
-0.105507 0.699038 -1.237645 -0.996515 -1.689056 -1.477522 -1.339301 -1.291196 -0.125942 7.572404
