7.236446 -1.163842 0.333060 -0.703065 -0.874972 -1.416096 -1.252418 -1.320569 -0.080807 -0.743265
-0.527047 8.066154 -1.423100 -1.128592 -1.396933 -1.676656 -1.382552 -1.674316 -0.065374 1.196907
-0.198851 -1.881911 7.163281 -0.155741 -0.279675 -0.418915 -0.358956 -0.878616 -1.456129 -1.526813
-1.191122 -1.901462 -0.426945 6.864603 -0.426479 1.403780 -0.555941 -0.559527 -1.858726 -1.341233
-0.921098 -2.091266 -0.013951 -0.128576 7.318015 -0.100936 -0.589148 -0.067052 -1.642638 -1.781050
-1.299110 -1.867116 -0.487021 1.504548 -0.356028 7.071554 -0.846062 -0.297377 -1.801144 -1.636776
-1.155295 -1.513034 0.229492 0.263447 -0.630407 -0.672482 7.564641 -1.293476 -1.466454 -1.322491
-1.139602 -1.865054 -0.511845 -0.360366 0.098101 0.228284 -1.225994 7.653098 -1.641213 -1.234011
0.777601 -0.512974 -1.099478 -0.930235 -1.293884 -1.359497 -1.272644 -1.681551 7.759268 -0.346661
-0.400264 0.750913 -1.192126 -1.017201 -1.697738 -1.486305 -1.300742 -1.189389 -0.222049 7.755335
