7.672556 -1.194028 -0.135320 -0.606745 -1.096273 -1.380590 -1.068337 -1.278360 -0.142065 -0.761157
-0.511275 8.325235 -1.615818 -1.192390 -1.377424 -1.517868 -1.353115 -1.689698 -0.111424 1.037832
-0.434585 -1.745018 7.455942 -0.074180 -0.381241 -0.371303 -0.551368 -0.976918 -1.454832 -1.460939
-1.058799 -1.806610 -0.306923 7.201592 -0.468291 0.883605 -0.515109 -0.713503 -1.624125 -1.589055
-0.949427 -1.872578 -0.091414 -0.171579 7.733461 -0.379775 -0.781224 -0.105478 -1.622878 -1.768133
-1.388674 -1.751070 -0.483858 1.119906 -0.469089 7.482265 -0.780018 -0.424643 -1.654101 -1.664113
-1.078873 -1.591729 -0.112445 0.266291 -0.590459 -0.808346 7.911723 -1.188341 -1.527266 -1.275829
-1.100979 -1.741869 -0.766032 -0.435711 0.103691 0.047544 -1.326184 7.926118 -1.400127 -1.303227
0.564808 -0.474292 -1.219005 -1.166111 -1.247491 -1.289088 -1.314904 -1.524692 8.006667 -0.307964
-0.332350 0.409326 -1.131044 -1.282992 -1.494407 -1.450695 -1.372975 -1.291088 -0.170450 8.116281
