6.899610 -0.847334 0.772566 -0.615457 -0.866700 -2.198999 -2.012630 -1.619254 0.604779 -0.115173
0.803974 9.283072 -2.444425 -1.276229 -3.514838 -2.813819 -1.562159 -2.535269 0.838349 3.217547
0.134830 -2.604419 6.884740 0.723348 0.498858 -0.300132 0.086609 -1.194840 -2.241085 -1.986545
-1.277120 -2.313108 0.093138 6.385654 -0.002574 2.310465 -0.313639 -0.633795 -2.456946 -1.789877
-1.288621 -2.643667 0.890862 0.649623 6.984074 0.324807 -0.820784 0.533295 -2.495905 -2.133145
-1.971983 -2.753391 -0.008133 3.132287 -0.120747 7.466693 -1.103115 0.479336 -3.166688 -1.951197
-1.445900 -1.678126 1.099654 0.943123 0.044793 -0.856384 7.601085 -2.294672 -2.077087 -1.335443
-1.092145 -2.540560 -0.522427 0.344013 1.238198 1.322754 -2.144650 7.803690 -3.031335 -1.375370
1.962627 0.228391 -1.168689 -1.088917 -1.691254 -2.467939 -1.663970 -2.549523 8.101383 0.339793
0.950330 2.554679 -2.112325 -0.798149 -3.342466 -2.423713 -2.414178 -1.514004 0.638305 8.460688
