7.643328 -0.876582 0.219848 -0.838718 -1.152527 -2.483327 -1.453084 -1.291402 0.391457 -0.153890
0.626421 10.049373 -2.996345 -1.327801 -3.169971 -3.437110 -1.738876 -2.427944 1.276996 3.146769
-0.211522 -2.113106 7.696008 0.283419 -0.018922 -1.068266 -0.355198 -1.175985 -1.552550 -1.479302
-1.344896 -1.704030 -0.428420 7.210339 -0.529123 1.302723 -0.584581 -0.711736 -1.766568 -1.438754
-1.461387 -2.140177 0.109231 0.128038 7.816334 -0.238909 -0.981413 0.225998 -1.754613 -1.698232
-1.914345 -2.125491 -0.746221 2.090490 -0.703755 8.092748 -1.114937 -0.063237 -2.083887 -1.426287
-1.226781 -1.653251 0.368419 0.314176 -0.435890 -1.309345 8.173956 -1.673847 -1.442041 -1.110258
-1.277406 -2.167636 -1.160290 -0.174041 0.457457 0.527153 -1.723980 8.420652 -1.734128 -1.162945
1.428768 0.381488 -1.503539 -1.422895 -1.791723 -2.720362 -1.703544 -1.881511 8.640096 0.578562
0.742685 2.313627 -2.199609 -1.144038 -3.067769 -3.022311 -2.109137 -1.635944 0.958347 9.167600
