6.479428 -0.836862 0.937350 -0.572208 -0.758488 -2.376175 -2.056235 -1.419100 0.782278 -0.184286
0.946600 8.938984 -2.260821 -1.437349 -3.482697 -2.962005 -1.350200 -2.682354 1.058621 3.177588
0.188969 -2.654468 6.332553 0.833694 0.540010 -0.033349 0.232927 -0.952072 -2.197629 -2.309604
-1.404910 -2.802392 0.323276 5.942290 0.245679 2.551895 0.115786 -0.453448 -2.499246 -2.029603
-1.185752 -3.023210 1.163158 0.769252 6.592274 0.503518 -0.554801 0.748399 -2.576024 -2.466412
-2.097689 -3.187107 0.354624 3.325266 0.021689 6.998753 -0.682947 0.870553 -3.334494 -2.272281
-1.472069 -1.806838 1.285424 1.304178 0.252319 -0.712059 7.227553 -2.289851 -2.035274 -1.785406
-0.905514 -2.596549 -0.174419 0.344960 1.495126 1.591669 -2.364237 7.423132 -3.171120 -1.647650
2.079887 0.167307 -1.054150 -0.980551 -1.638156 -2.756073 -1.417242 -2.510341 7.806031 0.323918
1.096329 2.614637 -2.343322 -0.958709 -3.098518 -2.368138 -2.376282 -1.350709 0.686353 8.079579
