6.685684 -0.750052 0.823017 -0.627183 -0.817654 -2.237757 -2.004779 -1.552450 0.658337 -0.177899
1.009711 9.108840 -2.374091 -1.364715 -3.642434 -2.840770 -1.450907 -2.617701 0.967651 3.189696
0.124853 -2.563640 6.644004 0.759198 0.467136 -0.016466 0.174362 -1.045143 -2.420151 -2.124498
-1.449931 -2.445250 0.258458 6.240594 0.074237 2.400901 -0.217742 -0.387559 -2.530347 -1.944759
-1.139839 -2.819100 1.027324 0.733699 6.771251 0.547104 -0.700325 0.531310 -2.564434 -2.387940
-2.269603 -2.986646 0.309831 3.240758 -0.043925 7.316755 -0.845657 0.794667 -3.337058 -2.176486
-1.429489 -1.803874 1.207661 1.049344 0.022104 -0.720078 7.398984 -2.362451 -1.848585 -1.517192
-0.921488 -2.624119 -0.359992 0.342678 1.313118 1.397724 -2.244485 7.612099 -2.956992 -1.557204
1.944474 0.182461 -1.114551 -0.970591 -1.541712 -2.630332 -1.596459 -2.591595 7.903984 0.418488
0.993806 2.515976 -2.111061 -0.953212 -3.247447 -2.428206 -2.278643 -1.488749 0.737343 8.253616
