7.282346 -0.849010 0.706020 -0.720757 -0.905635 -2.468424 -1.961805 -1.562623 0.499610 -0.017460
0.720568 9.587598 -2.838052 -1.038191 -3.209502 -2.999783 -1.720188 -2.609746 0.994870 3.111510
0.117673 -2.552971 7.226047 0.625171 0.436408 -0.550777 -0.091986 -1.182557 -2.148119 -1.877197
-1.283559 -2.116885 -0.005023 6.762495 -0.171435 2.128826 -0.536720 -0.635213 -2.489474 -1.650846
-1.315303 -2.501556 0.780551 0.569604 7.398483 0.145459 -0.988244 0.389304 -2.458998 -2.017640
-1.902487 -2.539423 -0.146228 3.002487 -0.303424 7.815406 -1.412518 0.339433 -3.129223 -1.721477
-1.408159 -1.797816 1.020447 0.913540 -0.117599 -1.031646 7.876202 -2.063857 -2.033273 -1.355926
-1.132200 -2.528045 -0.749589 0.292697 1.074638 1.176234 -2.301116 8.167099 -2.753860 -1.243470
1.826928 0.189443 -1.320191 -1.059859 -1.535539 -2.732361 -1.781016 -2.273925 8.351702 0.337724
0.842824 2.434787 -2.375748 -0.780949 -3.077305 -2.577802 -2.412585 -1.513639 0.736494 8.724541
