7.378286 -0.935633 0.416920 -0.728828 -0.952004 -2.387796 -1.736207 -1.343911 0.429912 -0.136788
0.633301 9.792857 -3.029606 -1.152819 -3.174755 -3.157194 -1.750750 -2.309403 1.042324 3.106801
-0.124303 -2.379410 7.434059 0.454968 0.148877 -0.748457 -0.198184 -1.170110 -1.784720 -1.628973
-1.420934 -1.919494 -0.341416 7.022694 -0.352075 1.685224 -0.469723 -0.556147 -2.045108 -1.598750
-1.441327 -2.437835 0.391180 0.367873 7.579487 -0.017429 -1.020949 0.336021 -2.028604 -1.724503
-2.006724 -2.346063 -0.560420 2.542316 -0.528024 7.879683 -1.110568 0.209023 -2.497069 -1.577562
-1.315738 -1.878394 0.675429 0.535871 -0.318943 -1.135308 7.993006 -1.884872 -1.546193 -1.120525
-1.259248 -2.344194 -0.997444 -0.007542 0.708118 0.929083 -1.934746 8.257147 -2.073914 -1.273097
1.570865 0.291923 -1.486251 -1.265391 -1.583619 -2.538888 -1.922517 -1.983206 8.440063 0.481266
0.812800 2.290666 -2.305363 -1.035016 -3.052794 -2.685186 -2.301772 -1.442491 0.796658 8.925169
