4.853180 -0.879410 1.029757 -0.577105 -0.312139 -1.632806 -1.488062 -1.351581 0.651192 -0.300440
0.224680 6.815361 -1.627378 -1.297718 -2.267195 -2.012505 -1.153491 -1.893331 0.585937 2.588006
0.323160 -2.564875 4.592668 0.721353 0.587683 0.343914 0.541809 -0.334051 -1.929896 -2.293109
-1.329539 -2.765187 0.487066 4.263274 0.345864 2.283726 0.635045 0.039115 -2.044528 -1.888810
-1.012111 -2.841227 1.204500 0.793883 4.761242 0.744580 0.217146 0.826569 -2.409185 -2.302946
-2.010621 -2.930858 0.855484 2.825119 0.274825 5.176013 -0.072611 0.924481 -2.934641 -2.122691
-1.761919 -1.646592 1.302639 1.352862 0.710596 -0.164482 5.395905 -1.594736 -1.744894 -1.780272
-0.752455 -2.309003 -0.121123 0.418543 1.553471 1.320507 -1.583664 5.632230 -2.738761 -1.476474
1.848683 0.258670 -0.616007 -0.872983 -1.174963 -2.269890 -1.288333 -2.047807 5.895477 0.290593
0.442793 2.018116 -1.672761 -0.825301 -1.968628 -1.618809 -2.131704 -0.773777 0.368594 6.093875
