5.410420 -1.027903 1.147899 -0.478406 -0.435121 -1.814268 -1.638429 -1.159308 0.413456 -0.418104
0.084928 7.343860 -1.407318 -1.159357 -2.731764 -1.985327 -0.875405 -1.873000 0.279511 2.324095
0.176553 -2.512731 5.402081 0.749752 0.516183 0.217911 0.247378 -0.574894 -2.098495 -2.123542
-1.387760 -2.537987 0.354295 4.862730 0.172823 2.463148 0.324274 -0.032868 -2.402410 -1.816102
-1.249320 -2.873091 1.152098 0.859738 5.482419 0.637475 -0.137902 0.773428 -2.515133 -2.129550
-2.076912 -2.570621 0.745602 2.941962 0.057867 5.909429 -0.208781 0.656853 -3.192326 -2.262956
-1.907211 -1.483993 1.124470 1.411629 0.605908 -0.309269 6.134789 -1.499642 -2.374292 -1.702245
-0.974452 -2.349532 -0.288462 0.481376 1.259056 1.528266 -1.642043 6.380243 -2.659333 -1.734935
1.560325 0.134606 -0.720968 -0.879884 -1.088314 -2.371610 -1.321971 -1.833266 6.423322 0.097943
0.419657 1.910191 -1.440524 -0.729821 -2.418390 -1.755484 -1.899522 -1.064788 0.241117 6.737765
