6.127055 -1.128816 1.077324 -0.402173 -0.609242 -1.922082 -1.622371 -1.205369 0.130131 -0.444191
-0.191184 7.942047 -1.561076 -1.023701 -2.652845 -1.877237 -0.868242 -2.103835 0.093093 2.243136
0.063098 -2.606817 6.323273 0.879611 0.503181 0.107502 0.107440 -0.856444 -2.249028 -2.271538
-1.459628 -2.557232 0.275050 5.653216 0.074322 2.612673 0.112994 -0.223926 -2.593868 -1.893440
-1.434641 -3.071371 1.029767 1.003866 6.469514 0.684953 -0.351518 0.561052 -2.592266 -2.299140
-2.076265 -2.644877 0.595383 3.178901 0.046937 6.716321 -0.541514 0.485653 -3.461930 -2.298484
-1.873093 -1.494350 1.100349 1.285690 0.304576 -0.414004 6.860779 -1.860719 -2.151082 -1.757949
-1.292233 -2.591034 -0.414440 0.479691 1.069915 1.694329 -1.622197 7.189188 -2.607690 -1.905335
1.349356 0.051701 -0.848557 -1.016305 -1.154747 -2.439672 -1.233561 -1.940851 7.197488 0.035333
0.388098 1.927644 -1.454418 -0.611938 -2.620960 -1.798901 -2.039319 -1.391887 0.209171 7.392658
