6.857830 -1.384354 0.425364 -0.631755 -0.842653 -1.500154 -1.212858 -1.240454 0.145142 -0.538661
-0.700028 7.813285 -1.383962 -0.955230 -1.331446 -1.733728 -1.515434 -1.689492 0.054457 1.338778
-0.451586 -2.033116 6.660415 0.224104 0.149845 -0.141424 -0.356672 -1.030662 -1.575299 -1.403789
-1.055605 -2.244562 -0.219206 6.218239 -0.167113 1.766032 -0.324693 -0.599280 -1.740006 -1.609760
-1.239664 -2.291188 0.406058 0.233156 6.967799 0.083400 -0.549711 0.242750 -1.955479 -1.936294
-1.435060 -2.000793 -0.216612 1.789142 -0.251606 6.648604 -0.807850 -0.083925 -1.908503 -1.797366
-1.185965 -1.580518 0.130662 0.723373 -0.322635 -0.510303 7.176669 -1.318179 -1.531223 -1.579401
-1.111867 -2.035809 -0.512537 -0.192346 0.443520 0.616602 -1.330213 7.182972 -1.832056 -1.234426
0.676015 -0.320954 -0.852372 -1.013347 -1.338362 -1.439366 -1.157229 -1.357603 7.406374 -0.418277
-0.196418 0.942404 -1.277751 -1.155532 -1.624592 -1.325957 -1.344177 -1.495977 0.010921 7.498950
