8.349132 -1.169771 -0.312497 -0.841459 -1.193135 -1.395536 -1.096066 -1.141396 -0.310221 -0.880201
-0.853139 8.905864 -1.314844 -1.291218 -1.263276 -1.541244 -1.284225 -1.617242 -0.403860 0.657623
-0.360075 -1.729956 8.163058 -0.365069 -0.333132 -0.749805 -0.707635 -1.013075 -1.521654 -1.378680
-1.162300 -1.687335 -0.674966 8.037544 -0.426524 0.512311 -0.696596 -0.806947 -1.527624 -1.566747
-1.052596 -1.739399 -0.346078 -0.401144 8.399496 -0.487986 -0.860941 -0.374735 -1.477895 -1.665346
-1.289271 -1.656634 -0.556934 0.530520 -0.544706 8.254931 -0.823984 -0.671126 -1.605502 -1.650078
-0.907801 -1.484988 -0.399378 -0.397401 -0.741576 -1.019501 8.530673 -1.024881 -1.364653 -1.186344
-1.150106 -1.664019 -0.822021 -0.728586 -0.009829 -0.179066 -1.275415 8.537909 -1.442484 -1.264782
0.235306 -0.624103 -1.198238 -1.086942 -1.186383 -1.349890 -1.329878 -1.552644 8.646732 -0.524831
-0.513898 0.192114 -1.202731 -1.266319 -1.350787 -1.502817 -1.409926 -1.275338 -0.315032 8.642650
