8.259471 -1.321098 -0.262550 -0.875008 -1.097226 -1.297998 -1.109095 -1.187548 -0.165640 -0.936445
-0.846844 8.813138 -1.381686 -1.181463 -1.316100 -1.565847 -1.412612 -1.548395 -0.311787 0.745083
-0.346594 -1.744130 8.111410 -0.356936 -0.357227 -0.730831 -0.692734 -0.953189 -1.465325 -1.460404
-1.223064 -1.783932 -0.566029 7.969001 -0.520470 0.626732 -0.681371 -0.720013 -1.650375 -1.449960
-1.018499 -1.704850 -0.343298 -0.420964 8.288470 -0.416971 -0.860007 -0.168357 -1.528865 -1.831915
-1.327385 -1.677514 -0.628871 0.732242 -0.539535 8.204428 -0.906248 -0.581398 -1.635115 -1.653682
-1.086481 -1.494850 -0.264819 -0.135719 -0.714032 -0.836260 8.430494 -1.101951 -1.412274 -1.379450
-1.065520 -1.799114 -0.806359 -0.605750 -0.013163 -0.230535 -1.198915 8.501474 -1.389540 -1.392009
0.310347 -0.634122 -1.152796 -0.991687 -1.304066 -1.427004 -1.311484 -1.645698 8.554455 -0.369931
-0.516272 0.213556 -1.040376 -1.140339 -1.420618 -1.564276 -1.466895 -1.242218 -0.410341 8.586850
