8.758599 -1.381876 -0.354276 -1.001534 -1.139079 -1.418631 -1.104156 -1.199907 -0.232357 -0.919608
-0.950430 9.260863 -1.431888 -1.229197 -1.356703 -1.526773 -1.316116 -1.601700 -0.360148 0.505640
-0.475043 -1.700647 8.643694 -0.542080 -0.350428 -0.889701 -0.664511 -1.017716 -1.551550 -1.448740
-1.157162 -1.674655 -0.757073 8.432482 -0.615442 0.421356 -0.651049 -0.814220 -1.685013 -1.499003
-1.097178 -1.638414 -0.392380 -0.544642 8.806886 -0.618896 -1.003784 -0.274061 -1.475426 -1.766404
-1.449671 -1.544323 -0.773562 0.465588 -0.678420 8.727705 -0.835274 -0.631027 -1.600002 -1.694521
-1.104453 -1.553928 -0.405488 -0.281025 -0.759860 -0.919743 8.932493 -1.089345 -1.471672 -1.342009
-1.095285 -1.825457 -0.890821 -0.756696 -0.083428 -0.285106 -1.236509 8.980872 -1.470243 -1.337272
0.130126 -0.755126 -1.207769 -1.116924 -1.289868 -1.413317 -1.338105 -1.552440 9.041808 -0.469645
-0.621028 0.055040 -1.139639 -1.241591 -1.388436 -1.543778 -1.442420 -1.292793 -0.459575 9.072992
