5.000283 -0.836070 0.949688 -0.448559 -0.342724 -1.890089 -1.560899 -1.165992 0.589397 -0.295169
0.419992 6.914226 -1.596601 -1.338564 -2.296280 -2.135494 -1.082120 -1.798025 0.573901 2.338001
0.218984 -2.720423 4.833310 0.685754 0.670442 0.426296 0.453853 -0.237883 -2.020717 -2.309860
-1.181396 -2.308101 0.345172 4.306438 0.202704 2.168551 0.458645 0.103328 -2.125215 -1.969181
-1.110174 -2.867057 1.329937 0.787581 4.931139 0.749483 0.090889 0.910217 -2.361456 -2.460558
-2.006268 -2.619254 0.866778 2.842750 0.028591 5.269173 -0.027186 0.868998 -2.979001 -2.245353
-1.845846 -1.587887 1.298778 1.476908 0.806137 -0.060081 5.555589 -1.368977 -2.226651 -2.046407
-0.851022 -2.261716 -0.173926 0.388816 1.522835 1.489750 -1.639337 5.828300 -2.740905 -1.564009
1.779537 0.285369 -0.710794 -0.816418 -1.135702 -2.421308 -1.304896 -1.824905 5.945808 0.204664
0.507818 2.029022 -1.589475 -0.770028 -1.928816 -1.800418 -2.156831 -0.838095 0.256254 6.289173
