5.008519 -0.921792 1.030789 -0.515621 -0.397182 -1.693073 -1.606557 -1.173517 0.566200 -0.297579
0.309735 6.974878 -1.282380 -1.381380 -2.562684 -2.068102 -1.232477 -1.739696 0.589312 2.392967
0.335373 -2.599081 4.888716 0.681612 0.594289 0.318317 0.305725 -0.417372 -1.899848 -2.207611
-1.406769 -2.458175 0.409143 4.430977 0.242344 2.229816 0.482183 0.078562 -2.099205 -1.908745
-1.200093 -2.952047 1.178665 0.842734 5.025738 0.753388 0.081567 0.783079 -2.301930 -2.210973
-2.176043 -2.608194 0.898811 2.833519 0.099346 5.441419 -0.125542 0.820885 -3.066488 -2.117670
-1.778864 -1.531179 1.254346 1.395994 0.717882 -0.209569 5.629629 -1.488669 -2.207529 -1.781791
-1.024195 -2.318988 -0.074093 0.507240 1.424299 1.539268 -1.619308 6.053133 -2.800230 -1.687045
1.706443 0.195928 -0.558608 -0.992249 -1.007112 -2.460175 -1.243290 -1.835662 6.061862 0.133108
0.591455 1.964330 -1.478461 -0.767179 -2.172358 -1.614366 -2.228425 -0.832965 0.217597 6.320457
