5.174890 -1.004426 0.981080 -0.387481 -0.420714 -1.656011 -1.693366 -1.098239 0.553410 -0.448931
0.200530 7.083592 -1.393617 -1.228016 -2.565466 -2.010347 -0.993513 -1.763028 0.378986 2.291098
0.296297 -2.554104 5.072469 0.764040 0.537395 0.248012 0.284482 -0.506992 -2.035730 -2.105699
-1.325866 -2.486794 0.402465 4.558110 0.221400 2.365791 0.524396 0.028670 -2.452929 -1.835111
-1.068692 -2.955811 1.200956 0.941267 5.226631 0.724067 0.035325 0.851972 -2.625664 -2.329886
-2.067724 -2.784654 0.841848 2.969098 0.060953 5.579690 -0.004369 0.811828 -3.292880 -2.113690
-1.871578 -1.694343 1.327734 1.431157 0.700569 -0.112330 5.796409 -1.353898 -2.239009 -1.984536
-0.906058 -2.341000 -0.318876 0.534092 1.340831 1.527427 -1.565921 6.170452 -2.985085 -1.455694
1.726502 0.225342 -0.705943 -0.852693 -1.168942 -2.319283 -1.467371 -1.878274 6.175315 0.265521
0.443415 1.953334 -1.496592 -0.760411 -2.104916 -1.703152 -2.089870 -1.012739 0.269497 6.501624
