5.915239 -1.048231 1.096795 -0.433656 -0.541992 -1.927737 -1.682584 -1.162330 0.189398 -0.404652
-0.095538 7.787556 -1.552509 -0.934897 -2.697144 -1.850500 -1.061884 -1.981324 0.110022 2.276397
0.150462 -2.596669 6.054277 0.840134 0.508088 0.116589 0.123596 -0.697932 -2.261104 -2.237195
-1.413967 -2.604579 0.300384 5.421894 0.176231 2.594326 0.248050 -0.113223 -2.684386 -1.924553
-1.422083 -3.172123 1.152336 1.029714 6.195308 0.725672 -0.361203 0.701883 -2.614322 -2.234978
-2.085850 -2.669766 0.687952 3.218828 0.034533 6.487948 -0.402221 0.565618 -3.442657 -2.394226
-1.833322 -1.620507 1.179566 1.386300 0.509748 -0.383913 6.575428 -1.789781 -2.151133 -1.872215
-1.057462 -2.649684 -0.357099 0.562288 1.144619 1.685482 -1.791447 6.947064 -2.660470 -1.823105
1.392259 0.051438 -0.802679 -0.946546 -1.180126 -2.359582 -1.297721 -1.888335 6.972491 0.058977
0.399319 1.965038 -1.411267 -0.705451 -2.519921 -1.686028 -2.082725 -1.345613 0.193548 7.193294
